17124 512 772 516 0 772
4614207 1099 977 978 0 977
4640845 1023 926 518 0 926
4651139 996 977 549 0 977
4693011 1091 948 992 0 1101,702,1111
4698113 949 662 706 1 320,352,701,661,948
4698118 948 661 543 0 256,320,706,664,1111,1091
4700371 692 353 754 1 320,352,357,358,360,361,362,365,368,370,372,374,375,376,378,382,383,977,721,764,1002,712,973,710,708,1017,719,758,757,760,767,606,631,958,723,948
4700375 631 354 999 1 256,320,352,357,358,362,363,364,366,367,369,370,373,375,376,377,379,381,382,383,715,959,977,718,716,711,744,712,708,702,759,719,754,758,757,760,767,1091,606,634,723,667,1081,739
4710331 1154 321 984 0 256,321,323,325,327,328,329,330,333,335,336,337,339,340,342,343,348,350,1119,1009,571,697,693,689,1006,685,683,1156,726,564,980,674,675,670,681,630,1091
4710335 630 322 664 0 321,325,328,329,330,331,332,339,342,344,345,346,350,1119,1125,693,689,1006,687,684,564,674,672,673,671,681,984,1131
4719271 1111 353 666 1 353,357,358,359,360,361,363,366,367,370,371,373,377,379,381,382,1008,1119,1107,974,697,694,684,682,683,680,564,674,672,673,671,1019,670,948
4719275 1008 354 984 0 352,353,354,358,369,370,371,373,376,378,379,381,1009,1107,694,689,684,682,683,1156,1019,568,948
4728622 782 1169 1014 1 256,288,781,1049,601
4728626 781 1049 600 1 288,320,780,781,1049,1158,1091
4730671 945 289 595 1 256,295,296,298,300,305,306,308,309,310,311,313,314,317,318,320,998,580,599,614,622,618,609,608,603,600,1039,1091,607,612,611,642
4730675 1039 290 1016 0 256,288,289,290,292,294,296,298,302,303,304,313,314,315,317,781,998,625,618,549,996,603,600,601,621,642,615,637
4739816 1108 257 1049 0 260,262,263,264,267,269,274,275,276,278,279,280,281,282,286,1058,519,521,527,1024,520,944,1103,943,535,941,1090,525,523,1022,1140
4739820 535 258 1169 1 260,262,263,264,265,268,269,274,276,277,278,280,284,286,288,636,781,940,947,1058,519,520,942,944,1123,1049,1103,943,1021,1090,522,525,523,1140
4748746 780 289 1093 0 288,295,297,299,300,302,304,305,309,310,313,314,315,318,781,940,527,1103,943,1021,1023,779,941,525,523,688,518,1022,1140
4748750 779 290 1158 0 289,290,292,293,295,296,297,299,300,305,306,307,309,312,316,940,778,527,1024,1054,646,942,997,1021,530,522,525,523,518
4758403 740 1074 983 1 320,352,1042,1082,740,1074
4760447 1158 353 945 1 1049
4769592 1101 321 1074 1 320,321,324,327,329,331,333,338,339,341,343,344,345,346,347,1128,866,972,906,915,1053,1114,1164,908,1056,1172,913,907,1153,1127
4769596 866 322 761 0 320,322,327,328,329,332,334,335,336,338,339,342,345,346,349,350,905,972,910,906,1064,1114,1143,699,1136,1056,913,907,979,911,978,1127
4778454 1082 353 904 1 1050
4778458 1050 354 699 0 352,354,356,357,366,367,371,372,374,378,380,382,518,522,523,525,943,992,1021,1023,1040,883,1103,1123
4793663 698 703 707 0 703
4836588 622 927 642 0 927
4846882 556 1040 1010 0 1040
4855210 1121 480 1150 0 480
4922899 1078 907 1129 1 384,416,906,882,548
4922903 882 906 546 1 384,416,637,881,882,906
4924948 607 417 541 0 384,416,421,422,424,425,427,428,430,431,435,440,444,445,447,1011,882,561,998,571,1025,563,1129,630,925,1131,1015,546,1010,551
4934093 903 385 906 0 387,388,389,390,391,393,395,396,397,398,401,402,405,406,408,410,413,647,614,622,976,618,995,549,609,608,623,612,583,595,1110,628,1115,611,621
4934097 976 386 907 1 389,391,393,395,398,400,401,402,403,404,405,407,410,412,413,414,416,906,647,882,622,625,618,549,603,590,748,624,612,583,595,594,1110,1115,993,601,621,642
4943023 881 417 1014 1 417,421,422,426,428,429,431,432,437,438,439,440,442,443,444,445,647,1033,882,614,622,1009,625,549,609,1016,590,612,583,1115,993,611,621,615
5004621 1115 976 625 0 976
5031259 517 699 553 0 699
5041553 579 976 1005 0 976
5103631 602 978 949 0 865,687,1099
5108733 910 1135 1171 1 384,480,602,655,978,1152
5108738 978 655 963 0 1171,656,1099
5110991 564 481 597 0 448,480,485,486,487,489,490,491,493,494,497,498,500,501,504,506,507,508,510,511,966,732,733,724,764,976,711,973,710,708,705,1017,719,760,950,731,730,606,530,969,978,737
5110995 950 482 999 0 384,448,480,484,487,488,489,493,494,495,496,497,499,501,502,504,507,508,510,966,733,602,724,734,764,597,976,711,712,973,575,719,543,758,757,687,1075,731,606,530,723,969
5120951 1127 449 593 1 448,453,457,458,459,460,461,462,464,465,466,469,471,473,474,476,477,480,959,972,1119,974,689,980,672,673,671,1019,670,1149,681,984,661,558,1112,978
5120955 972 450 656 1 384,448,452,453,455,458,462,464,465,471,474,475,476,477,480,959,602,1119,974,762,689,682,683,726,980,674,673,1149,681,661,593,978,953
5129891 1099 481 654 1 481,485,488,489,490,491,492,495,496,497,498,499,506,507,509,510,1119,974,1156,726,677,674,1149,681,967,984,664,661,662,558,627,547,1112,978
5129895 547 482 593 0 482,484,486,488,491,492,493,495,498,499,502,503,504,507,508,509,510,558,627,1149,664,666,671,672,673,677,980,689,726,762,984,1112,990,978,1156,967
5139242 786 609 1084 1 416,448,602,939,616,785
5139246 785 939 1162 0 384,448,784,602,1084,611
5141291 906 417 1117 0 384,416,419,421,426,427,428,431,432,433,435,439,440,445,446,1020,579,589,586,577,570,568,1164,1005,1162,975,922,1004,658,785
5141295 1164 418 735 0 384,421,422,427,428,429,432,434,435,438,439,440,445,447,1053,1020,579,1008,587,569,589,586,542,1068,577,570,1111,1117,1162,975,785,665
5150436 1090 385 939 0 385,387,393,395,396,400,403,404,405,407,409,412,414,448,1011,602,608,1012,557,553,548,926,1158,908,560,565,546,1168,1010
5150440 926 386 609 1 385,386,395,398,399,403,407,409,410,413,1011,1013,563,548,1131,992,560,1010,551
5159366 784 417 909 0 417,419,420,421,422,423,425,427,430,431,432,433,437,438,443,444,445,783,1011,1014,561,580,1025,563,553,548,1139,1049,1131,565,555,785,517,556,1168,949
5159370 783 418 611 0 416,420,421,422,424,426,427,428,430,433,434,436,437,438,439,440,442,445,782,1011,1014,1013,1025,1012,553,548,1129,1158,1131,560,565,550,1015,546,556,1168,1010,949,909
5169019 743 669 1123 1 448,480,1033,944,983
5169023 1033 983 977 1 448,480,881,1033,686,983
5171067 611 481 906 1 480,481,483,485,489,490,492,496,497,501,505,506,507,508,511,905,521,608,603,520,1054,997,944,939,1103,943,941,523,518,909
5171071 939 482 907 0 481,488,489,491,492,493,498,503,504,506,508,509,510,977,906,521,1024,520,646,942,944,1123,938,1103,1021,767,1022,1140
5180212 865 449 983 1 448,449,451,453,454,455,460,463,466,467,469,470,472,476,478,647,1009,549,590,1109,623,624,612,595,993,957,601,642,615,596
5180216 957 450 669 1 448,454,455,456,461,463,464,466,467,469,470,473,474,476,478,729,647,1094,1148,614,622,1009,625,1109,623,624,595,1110,993,601,615,983,596
5189074 881 481 1167 0 480,481,483,485,486,487,493,495,497,498,500,501,502,504,505,506,507,508,509,510,1011,1013,882,561,580,1025,563,557,1049,1158,1136,1131,565,545,1015,546,517,556,1010,949
5189078 882 482 927 1 480,481,482,485,487,489,490,491,492,494,496,497,500,501,502,503,505,506,507,509,510,546,548,550,551,553,555,556,560,561,565,1168,1033,1078,1158,949,1010,1011,1015,1025,1131
8912913 1094 851 583 0 851
8914985 851 583 1154 0 583
